0	50739	123.25	47.3
1	50742	124.48333333333332	47.8
2	50745	123.91666666666669	47.38333333333333
3	50756	126.86666666666666	47.45
4	50758	125.9	47.18333333333333
5	50844	123.45	46.4
6	50853	126.96666666666668	46.61666666666667
7	50854	125.31666666666666	46.38333333333333
8	50862	127.98333333333332	46.98333333333333
9	50936	122.83333333333331	45.63333333333333
10	50945	124.23333333333332	45.5
11	50948	124.01666666666668	45.0
12	50949	124.86666666666666	45.083333333333336
13	50950	125.25	45.7
14	50953	126.56666666666666	45.93333333333333
15	50968	127.96666666666668	45.21666666666667
16	52674	101.93333333333334	38.21666666666667
17	52679	102.66666666666669	37.91666666666666
18	52681	103.08333333333331	38.63333333333333
19	52787	102.86666666666666	37.2
20	52797	104.05	37.18333333333333
21	52884	103.95	36.35
22	52895	104.68333333333334	36.56666666666667
23	52983	104.15	35.86666666666667
24	52984	103.18333333333334	35.583333333333336
25	52986	103.86666666666666	35.36666666666667
26	52996	105.01666666666668	35.38333333333333
27	53399	114.7	41.15
28	53478	112.45	40.0
29	53487	113.41666666666669	40.083333333333336
30	53490	114.05	40.43333333333333
31	53519	106.76666666666668	39.21666666666667
32	53564	111.21666666666668	39.36666666666667
33	53578	112.43333333333334	39.36666666666667
34	53588	113.51666666666668	38.95
35	53593	114.56666666666666	39.833333333333336
36	53594	114.18333333333334	39.45
37	53612	106.18333333333334	37.98333333333333
38	53614	106.2	38.46666666666667
39	53615	106.7	38.8
40	53646	109.78333333333332	38.266666666666666
41	53651	110.46666666666668	38.81666666666667
42	53663	111.81666666666666	38.91666666666666
43	53664	111.13333333333334	38.46666666666667
44	53673	112.71666666666668	38.73333333333333
45	53687	113.63333333333334	37.78333333333333
46	53704	105.18333333333334	37.53333333333333
47	53705	105.68333333333334	37.48333333333333
48	53723	107.38333333333334	37.8
49	53725	107.58333333333331	37.583333333333336
50	53735	108.8	37.61666666666667
51	53738	108.16666666666669	36.91666666666666
52	53740	109.23333333333332	37.93333333333333
53	53754	110.21666666666668	37.5
54	53764	111.1	37.5
55	53772	112.58333333333331	37.61666666666667
56	53775	112.6	37.41666666666666
57	53787	112.98333333333332	37.06666666666667
58	53798	114.36666666666666	37.18333333333333
59	53806	105.65	36.56666666666667
60	53810	105.9	36.96666666666667
61	53817	106.26666666666668	36.0
62	53821	107.3	36.56666666666667
63	53853	110.95	36.7
64	53854	110.06666666666666	36.583333333333336
65	53859	110.66666666666669	36.1
66	53863	111.95	37.06666666666667
67	53868	111.5	36.06666666666667
68	53877	112.25	36.16666666666666
69	53882	113.03333333333332	36.06666666666667
70	53884	113.03333333333332	36.516666666666666
71	53898	114.13333333333334	36.05
72	53903	105.71666666666668	35.96666666666667
73	53910	106.2	35.666666666666664
74	53915	106.66666666666669	35.53333333333333
75	53923	107.63333333333334	35.733333333333334
76	53929	107.8	35.2
77	53942	109.41666666666669	35.766666666666666
78	53948	109.58333333333331	34.95
79	53959	111.06666666666666	35.11666666666667
80	53963	111.36666666666666	35.65
81	53968	111.66666666666669	35.28333333333333
82	53975	112.4	35.483333333333334
83	53986	113.88333333333334	35.31666666666667
84	54041	123.06666666666666	44.8
85	54049	123.96666666666668	44.25
86	54063	126.0	44.96666666666667
87	54064	125.15	44.38333333333333
88	54142	123.53333333333332	43.5
89	54157	124.38333333333334	43.11666666666667
90	54161	125.21666666666668	43.9
91	54165	125.63333333333334	43.55
92	54171	126.51666666666668	43.7
93	54181	127.33333333333331	43.7
94	54236	122.55	42.38333333333333
95	54243	124.1	42.78333333333333
96	54254	124.05	42.53333333333333
97	54259	124.86666666666666	42.06666666666667
98	54260	125.08333333333331	42.91666666666666
99	54263	126.08333333333331	42.96666666666667
100	54266	125.63333333333334	42.53333333333333
101	54273	126.75	42.98333333333333
102	54276	126.8	42.4
103	54284	127.5	42.15
104	54308	116.63333333333334	41.2
105	54311	117.76666666666668	41.96666666666667
106	54324	120.43333333333334	41.55
107	54326	119.61666666666666	41.41666666666666
108	54333	122.85	41.96666666666667
109	54342	123.51666666666668	41.73333333333333
110	54346	123.78333333333332	41.3
111	54351	124.06666666666666	41.91666666666666
112	54353	125.05	41.73333333333333
113	54363	125.9	41.68333333333333
114	54374	126.88333333333334	41.8
115	54377	126.21666666666668	41.15
116	54401	114.91666666666669	40.766666666666666
117	54405	115.5	40.41666666666666
118	54406	115.96666666666668	40.45
119	54416	116.86666666666666	40.38333333333333
120	54423	117.91666666666669	40.96666666666667
121	54429	117.95	40.2
122	54436	118.95	40.41666666666666
123	54449	119.51666666666668	39.85
124	54452	119.8	40.8
125	54454	120.3	40.333333333333336
126	54455	120.65	40.61666666666667
127	54470	122.05	41.016666666666666
128	54471	122.16666666666669	40.66666666666666
129	54476	122.15	40.18333333333333
130	54486	123.28333333333332	40.333333333333336
131	54493	124.78333333333332	40.71666666666667
132	54497	124.33333333333331	40.03333333333333
133	54511	116.46666666666668	39.8
134	54518	116.4	39.16666666666666
135	54525	117.28333333333332	39.73333333333333
136	54527	117.05	39.083333333333336
137	54534	118.1	39.65
138	54539	118.88333333333334	39.43333333333333
139	54563	122.01666666666668	39.63333333333333
140	54579	122.58333333333331	39.266666666666666
141	54584	122.95	39.71666666666667
142	54602	115.48333333333332	38.73333333333333
143	54606	115.75	38.21666666666667
144	54618	116.55	38.083333333333336
145	54623	117.71666666666668	39.05
146	54624	117.31666666666666	38.4
147	54662	121.63333333333334	38.91666666666666
148	54705	115.38333333333334	37.36666666666667
149	54715	116.51666666666668	37.31666666666667
150	54725	117.53333333333332	37.5
151	54727	117.55	36.68333333333333
152	54744	118.55	37.583333333333336
153	54751	120.73333333333332	37.93333333333333
154	54753	120.33333333333331	37.63333333333333
155	54764	121.23333333333332	37.48333333333333
156	54808	115.63333333333334	36.23333333333333
157	54823	117.0	36.6
158	54836	118.16666666666669	36.18333333333333
159	54842	120.0	36.78333333333333
160	54843	119.2	36.75
161	54857	120.33333333333331	36.06666666666667
162	54863	121.18333333333334	36.78333333333333
163	54909	115.51666666666668	35.083333333333336
164	54916	116.85	35.56666666666667
165	54929	117.96666666666668	35.266666666666666
166	54936	118.83333333333331	35.56666666666667
167	54945	119.55	35.46666666666667
168	56074	102.08333333333331	34.0
169	56079	102.96666666666668	33.583333333333336
170	56080	102.9	35.0
171	56093	104.01666666666668	34.43333333333333
172	56096	104.91666666666669	33.4
173	56152	100.33333333333331	32.28333333333333
174	56167	101.11666666666666	30.98333333333333
175	56172	102.23333333333332	31.9
176	56173	102.55	32.8
177	56178	102.35	31.0
178	56182	103.6	32.666666666666664
179	56187	103.86666666666666	30.75
180	56188	103.66666666666669	31.0
181	56251	100.31666666666666	30.933333333333334
182	56257	100.26666666666668	30.0
183	56357	100.3	29.05
184	56374	101.96666666666668	30.05
185	56385	103.33333333333331	29.516666666666666
186	56386	103.75	29.566666666666663
187	56459	101.26666666666668	27.933333333333334
188	56462	101.5	29.0
189	56475	102.51666666666668	28.65
190	56479	102.85	28.0
191	56485	103.58333333333331	28.266666666666666
192	56492	104.6	28.8
193	56565	101.48333333333332	27.433333333333334
194	56571	102.26666666666668	27.9
195	56586	103.71666666666668	27.35
196	56651	100.21666666666668	26.85
197	56664	101.26666666666668	26.633333333333333
198	56666	101.71666666666668	26.58333333333333
199	56671	102.25	26.65
200	56684	103.25	26.4
201	56691	104.28333333333332	26.866666666666667
202	56751	100.18333333333334	25.7
203	56778	102.65	25.0
204	56792	104.96666666666668	25.78333333333333
205	56793	104.46666666666668	25.716666666666665
206	56856	100.86666666666666	24.466666666666665
207	56875	102.55	24.33333333333333
208	56886	103.76666666666668	24.53333333333333
209	56951	100.08333333333331	23.883333333333333
210	56964	100.96666666666668	22.78333333333333
211	56966	101.98333333333332	23.6
212	56969	101.56666666666666	21.466666666666665
213	56977	101.85	22.58333333333333
214	56991	104.33333333333331	23.616666666666667
215	57003	106.83333333333331	34.9
216	57014	105.86666666666666	34.56666666666667
217	57025	107.38333333333334	34.516666666666666
218	57028	107.31666666666666	34.03333333333333
219	57030	108.15	34.7
220	57034	108.23333333333332	34.31666666666667
221	57037	108.98333333333332	34.93333333333333
222	57048	108.71666666666668	34.4
223	57051	111.2	34.8
224	57052	110.45	34.88333333333333
225	57071	112.46666666666668	34.8
226	57089	113.93333333333334	34.06666666666667
227	57091	114.3	34.78333333333333
228	57106	106.15	33.31666666666667
229	57124	106.93333333333334	33.63333333333333
230	57127	107.03333333333332	33.06666666666667
231	57131	108.96666666666668	34.43333333333333
232	57134	107.98333333333332	33.516666666666666
233	57143	109.96666666666668	33.86666666666667
234	57144	109.15	33.43333333333333
235	57154	110.9	33.53333333333333
236	57156	111.5	33.3
237	57178	112.48333333333332	33.1
238	57181	113.05	33.88333333333333
239	57193	114.51666666666668	33.78333333333333
240	57206	105.9	32.416666666666664
241	57211	106.25	32.833333333333336
242	57232	108.26666666666668	33.05
243	57237	108.03333333333332	32.06666666666667
244	57238	107.9	32.516666666666666
245	57245	109.03333333333332	32.71666666666667
246	57251	110.4	33.0
247	57256	110.78333333333332	32.65
248	57259	110.76666666666668	32.03333333333333
249	57265	111.73333333333332	32.43333333333333
250	57278	112.08333333333331	32.0
251	57279	112.75	32.15
252	57285	113.41666666666669	32.38333333333333
253	57290	113.91666666666669	32.93333333333333
254	57297	114.05	32.13333333333333
255	57306	105.98333333333332	31.58333333333333
256	57313	106.76666666666668	31.866666666666667
257	57328	107.5	31.2
258	57343	109.53333333333332	31.9
259	57348	109.53333333333332	31.016666666666666
260	57355	110.36666666666666	31.03333333333333
261	57359	110.73333333333332	31.35
262	57378	112.63333333333334	31.2
263	57381	113.33333333333331	31.616666666666667
264	57395	114.16666666666669	31.58333333333333
265	57399	114.95	31.133333333333333
266	57405	105.55	30.5
267	57411	106.13333333333334	30.75
268	57432	108.4	30.766666666666666
269	57445	109.71666666666668	30.6
270	57447	109.46666666666668	30.28333333333333
271	57458	110.66666666666669	30.2
272	57461	111.36666666666666	30.73333333333333
273	57476	112.15	30.35
274	57482	113.95	30.9
275	57483	113.13333333333334	30.666666666666668
276	57494	114.05	30.6
277	57502	105.7	29.7
278	57503	105.11666666666666	29.616666666666667
279	57512	106.26666666666668	29.966666666666665
280	57517	106.25	29.28333333333333
281	57523	107.73333333333332	29.85
282	57536	108.76666666666668	29.516666666666666
283	57545	109.41666666666669	29.53333333333333
284	57554	110.16666666666669	29.4
285	57562	111.36666666666666	29.58333333333333
286	57573	112.9	29.83333333333333
287	57574	112.4	29.366666666666667
288	57581	113.45	29.816666666666663
289	57583	113.96666666666668	29.916666666666668
290	57584	113.08333333333331	29.383333333333333
291	57598	114.58333333333331	29.03333333333333
292	57606	106.83333333333331	28.133333333333333
293	57608	105.43333333333334	28.166666666666668
294	57612	106.65	29.0
295	57625	107.46666666666668	28.53333333333333
296	57633	108.76666666666668	28.816666666666663
297	57642	109.65	28.7
298	57647	109.18333333333334	28.15
299	57649	109.68333333333334	28.23333333333333
300	57655	110.4	28.466666666666665
301	57662	111.68333333333334	29.116666666666667
302	57671	112.36666666666666	28.85
303	57673	112.88333333333334	28.683333333333334
304	57682	113.56666666666666	28.716666666666665
305	57687	112.78333333333332	28.1
306	57696	114.78333333333332	28.4
307	57707	105.28333333333332	27.3
308	57710	106.4	27.8
309	57718	106.71666666666668	27.1
310	57722	107.46666666666668	27.766666666666666
311	57729	107.88333333333334	27.23333333333333
312	57731	108.25	27.95
313	57741	109.16666666666669	27.716666666666665
314	57745	109.68333333333334	27.45
315	57752	110.6	27.916666666666668
316	57761	111.3	27.75
317	57774	112.16666666666669	27.45
318	57776	112.7	27.3
319	57779	113.35	27.05
320	57780	113.16666666666669	27.866666666666667
321	57789	113.95	27.133333333333333
322	57793	114.38333333333334	27.8
323	57803	106.01666666666668	27.03333333333333
324	57805	105.76666666666668	26.683333333333334
325	57806	105.9	26.25
326	57816	106.73333333333332	26.58333333333333
327	57825	107.98333333333332	26.6
328	57827	107.53333333333332	26.316666666666663
329	57832	108.66666666666669	26.966666666666665
330	57839	109.13333333333334	26.23333333333333
331	57840	109.2	26.9
332	57845	109.78333333333332	26.166666666666668
333	57866	111.61666666666666	26.23333333333333
334	57872	112.6	26.883333333333333
335	57874	112.4	26.416666666666668
336	57889	113.95	26.08333333333333
337	57894	114.16666666666669	26.58333333333333
338	57896	114.5	26.33333333333333
339	57902	105.18333333333334	25.433333333333334
340	57906	106.08333333333331	25.183333333333334
341	57907	104.9	25.08333333333333
342	57910	106.08333333333331	25.766666666666666
343	57912	106.63333333333334	26.133333333333333
344	57916	106.76666666666668	25.433333333333334
345	57922	107.55	25.83333333333333
346	57926	107.88333333333334	25.416666666666668
347	57932	108.51666666666668	25.933333333333334
348	57947	109.4	25.23333333333333
349	57957	110.3	25.316666666666663
350	57965	111.6	25.53333333333333
351	57972	112.96666666666668	25.73333333333333
352	57974	112.36666666666666	25.58333333333333
353	57993	115.0	25.866666666666667
354	57996	114.25	25.066666666666663
355	58015	116.33333333333331	34.45
356	58026	118.01666666666668	34.4
357	58027	117.15	34.28333333333333
358	58038	118.78333333333332	34.083333333333336
359	58040	119.13333333333334	34.85
360	58047	119.23333333333332	34.25
361	58102	115.73333333333332	33.78333333333333
362	58111	116.45	33.96666666666667
363	58118	116.51666666666668	33.266666666666666
364	58122	116.98333333333332	33.63333333333333
365	58130	117.95	33.93333333333333
366	58135	118.21666666666668	33.483333333333334
367	58138	118.51666666666668	32.983333333333334
368	58141	118.93333333333334	33.63333333333333
369	58143	119.85	33.8
370	58150	120.3	33.75
371	58158	120.45	33.166666666666664
372	58203	115.73333333333332	32.86666666666667
373	58208	115.61666666666666	32.166666666666664
374	58215	116.78333333333332	32.43333333333333
375	58221	117.3	32.85
376	58225	117.66666666666669	32.53333333333333
377	58236	118.25	32.35
378	58238	118.9	31.933333333333334
379	58241	119.45	32.8
380	58251	120.28333333333332	32.85
381	58255	120.56666666666666	32.36666666666667
382	58259	120.98333333333332	32.083333333333336
383	58265	121.6	32.06666666666667
384	58311	116.5	31.73333333333333
385	58314	116.31666666666666	31.4
386	58319	116.95	31.066666666666663
387	58321	117.3	31.78333333333333
388	58326	117.83333333333331	31.58333333333333
389	58336	118.56666666666666	31.7
390	58338	118.6	31.116666666666667
391	58345	119.5	31.416666666666668
392	58354	120.35	31.616666666666667
393	58356	121.0	31.4
394	58362	121.45	31.4
395	58402	115.66666666666669	30.73333333333333
396	58429	117.85	30.98333333333333
397	58436	118.98333333333332	30.616666666666667
398	58500	115.21666666666668	29.9
399	58506	115.98333333333332	29.566666666666663
400	58507	115.11666666666666	29.25
401	58519	116.68333333333334	29.0
402	58520	117.71666666666668	29.85
403	58527	117.2	29.3
404	58531	118.28333333333332	29.716666666666665
405	58600	115.36666666666666	28.866666666666667
406	58606	115.91666666666669	28.6
407	58608	115.55	28.066666666666663
408	58622	117.58333333333331	28.95
409	58626	117.23333333333332	28.3
410	58634	118.25	28.683333333333334
411	58637	117.98333333333332	28.45
412	58705	115.41666666666669	27.33333333333333
413	58715	116.65	27.58333333333333
414	58718	116.53333333333332	27.216666666666665
415	58725	117.46666666666668	27.33333333333333
416	58730	118.03333333333332	27.766666666666666
417	58731	118.53333333333332	27.916666666666668
418	58734	118.11666666666666	27.33333333333333
419	58737	118.31666666666666	27.05
420	58744	119.41666666666669	27.45
421	58806	116.01666666666668	26.48333333333333
422	58813	116.3	26.83333333333333
423	58818	116.63333333333334	26.23333333333333
424	58820	117.16666666666669	26.9
425	58837	118.15	26.15
426	58843	120.01666666666668	26.883333333333333
427	58846	119.51666666666668	26.666666666666668
428	58847	119.28333333333332	26.08333333333333
429	58911	116.36666666666666	25.85
430	58918	116.41666666666669	25.05
431	58926	117.41666666666669	25.3
432	58927	117.01666666666668	25.05
433	58931	118.1	25.716666666666665
434	58944	119.78333333333332	25.516666666666666
435	59007	105.06666666666666	24.066666666666663
436	59021	107.03333333333332	24.55
437	59023	108.03333333333332	24.7
438	59037	108.1	23.933333333333334
439	59046	109.4	24.35
440	59058	110.51666666666668	24.2
441	59065	111.5	24.416666666666668
442	59072	112.36666666666666	24.816666666666663
443	59082	113.6	24.666666666666668
444	59087	113.51666666666668	23.883333333333333
445	59088	113.41666666666669	24.183333333333334
446	59092	114.8	24.866666666666667
447	59096	114.48333333333332	24.366666666666667
448	59097	114.2	24.05
449	59102	115.65	24.95
450	59113	116.71666666666668	24.73333333333333
451	59116	116.7	24.35
452	59117	116.06666666666666	24.28333333333333
453	59133	118.91666666666669	24.9
454	59134	118.06666666666666	24.48333333333333
455	59209	105.83333333333331	23.416666666666668
456	59211	106.6	23.9
457	59218	106.41666666666669	23.133333333333333
458	59228	107.56666666666666	23.28333333333333
459	59242	109.15	23.766666666666666
460	59265	111.3	23.48333333333333
461	59271	112.41666666666669	23.633333333333333
462	59278	112.48333333333332	22.98333333333333
463	59280	113.08333333333331	23.716666666666665
464	59287	113.48333333333332	23.216666666666665
465	59289	113.73333333333332	22.966666666666665
466	59293	114.73333333333332	23.8
467	59294	113.83333333333331	23.33333333333333
468	59298	114.36666666666666	23.066666666666663
469	59303	115.75	23.916666666666668
470	59304	115.18333333333334	23.633333333333333
471	59306	115.85	23.45
472	59316	116.68333333333334	23.383333333333333
473	59317	116.3	22.98333333333333
474	59324	117.03333333333332	23.433333333333334
475	59431	108.55	22.78333333333333
476	59446	109.3	22.416666666666668
477	59456	110.93333333333334	22.35
478	59462	111.6	22.716666666666665
479	59478	112.78333333333332	22.25
480	59485	113.4	22.516666666666666
481	59488	113.56666666666666	22.28333333333333
482	59493	114.0	22.55
483	59501	115.36666666666666	22.8
484	59632	108.6	21.98333333333333
485	59644	109.13333333333334	21.45
486	59658	110.3	21.15
487	59663	111.98333333333332	21.85
488	59664	110.98333333333332	21.55
489	59673	112.76666666666668	21.73333333333333
490	59754	110.18333333333334	20.33333333333333